
mainMatrixOperator.cpp + fractionOperator.cpp + matrixOperator.cpp
Matrix M (ma trận cụm (inter-level proximity matrix)
    0.166667    0.333333    0.166667    0.166667    0.166667
           0           1           0           0           0
         0.5           0         0.5           0           0
           0           0           0         0.5         0.5
           0           0           0         0.5         0.5

Matrix M * 0.15 (3/20)
       0.025        0.05       0.025       0.025       0.025
           0        0.15           0           0           0
       0.075           0       0.075           0           0
           0           0           0       0.075       0.075
           0           0           0       0.075       0.075

Matrix A (connectivity ( kết nối))
           0    0.333333    0.333333    0.333333           0
           0           0           0           0           0
           1           0           0           0           0
           0           0           0           0           1
           0           0           0           0           0

Matrix D (dangling)
           0           0           0           0           0
         0.2         0.2         0.2         0.2         0.2
           0           0           0           0           0
           0           0           0           0           0
         0.2         0.2         0.2         0.2         0.2

Matrix AD = A + D
           0    0.333333    0.333333    0.333333           0
         0.2         0.2         0.2         0.2         0.2
           1           0           0           0           0
           0           0           0           0           1
         0.2         0.2         0.2         0.2         0.2

Matrix AD * 0.75 (3/4)
           0        0.25        0.25        0.25           0
        0.15        0.15        0.15        0.15        0.15
        0.75           0           0           0           0
           0           0           0           0        0.75
        0.15        0.15        0.15        0.15        0.15

Matrix E * 0.1 (1/10)
        0.02        0.02        0.02        0.02        0.02
        0.02        0.02        0.02        0.02        0.02
        0.02        0.02        0.02        0.02        0.02
        0.02        0.02        0.02        0.02        0.02
        0.02        0.02        0.02        0.02        0.02

matrixResultTemp = 0.75*(A + D) + 0.15*M + 0.1*E)
       0.045        0.32       0.295       0.295       0.045
        0.17        0.32        0.17        0.17        0.17
       0.845        0.02       0.095        0.02        0.02
        0.02        0.02        0.02       0.095       0.845
        0.17        0.17        0.17       0.245       0.245

---------------------------------Result---------------------------------
matrixTranspose = transpose(matrixResultTemp)
       0.045        0.17       0.845        0.02        0.17
        0.32        0.32        0.02        0.02        0.17
       0.295        0.17       0.095        0.02        0.17
       0.295        0.17        0.02       0.095       0.245
       0.045        0.17        0.02       0.845       0.245

Matrix Rank initialize 
         0.2
         0.2
         0.2
         0.2
         0.2

---------------------------------Rank Calculate---------------------------------
Time 1
        0.25
        0.17
        0.15
       0.165
       0.265

Time 2
     0.21525
     0.18575
     0.16525
     0.18625
      0.2475

Time 3
      0.2267
    0.177425
    0.156575
    0.176712
    0.262587

Time 4
    0.220844
    0.180626
    0.160087
    0.181292
    0.257151

Time 5
     0.22326
    0.179014
    0.158405
    0.179282
     0.26004

Time 6
    0.222124
    0.179688
    0.159135
    0.180204
     0.25885

